0_0.png (512,512,3)
0_1.png (512,512,3)
0_2.png (512,512,3)
0_3.png (512,512,3)
0_4.png (512,512,3)
0_5.png (512,512,3)
0_6.png (512,512,3)
0_7.png (512,512,3)
0_8.png (512,512,3)
0_9.png (512,512,3)
0_10.png (512,512,3)
0_11.png (512,512,3)
0_12.png (512,512,3)
0_13.png (512,512,3)
0_14.png (512,512,3)
0_15.png (512,512,3)
0_16.png (512,512,3)
0_17.png (512,512,3)
0_18.png (512,512,3)
0_19.png (512,512,3)
0_20.png (512,512,3)
0_21.png (512,512,3)
0_22.png (512,512,3)
0_23.png (512,512,3)
0_24.png (512,512,3)
0_25.png (512,512,3)
0_26.png (512,512,3)
0_27.png (512,512,3)
0_28.png (512,512,3)
0_29.png (512,512,3)
0_30.png (512,512,3)
0_31.png (512,512,3)
0_32.png (512,512,3)
0_33.png (512,512,3)
0_34.png (512,512,3)
0_35.png (512,512,3)
0_36.png (512,512,3)
0_37.png (512,512,3)
0_38.png (512,512,3)
0_39.png (512,512,3)
0_40.png (512,512,3)
0_41.png (512,512,3)
0_42.png (512,512,3)
0_43.png (512,512,3)
0_44.png (512,512,3)
0_45.png (512,512,3)
0_46.png (512,512,3)
0_47.png (512,512,3)
0_48.png (512,512,3)
0_49.png (512,512,3)
0_50.png (512,512,3)
0_51.png (512,512,3)
0_52.png (512,512,3)
0_53.png (512,512,3)
0_54.png (512,512,3)
0_55.png (512,512,3)
0_56.png (512,512,3)
0_57.png (512,512,3)
0_58.png (512,512,3)
0_59.png (512,512,3)
0_60.png (512,512,3)
0_61.png (512,512,3)
0_62.png (512,512,3)
0_63.png (512,512,3)
0_64.png (512,512,3)
0_65.png (512,512,3)
0_66.png (512,512,3)
0_67.png (512,512,3)
0_68.png (512,512,3)
0_69.png (512,512,3)
0_70.png (512,512,3)
0_71.png (512,512,3)
0_72.png (512,512,3)
0_73.png (512,512,3)
0_74.png (512,512,3)
0_75.png (512,512,3)
0_76.png (512,512,3)
0_77.png (512,512,3)
0_78.png (512,512,3)
0_79.png (512,512,3)
0_80.png (512,512,3)
0_81.png (512,512,3)
0_82.png (512,512,3)
0_83.png (512,512,3)
0_84.png (512,512,3)
0_85.png (512,512,3)
0_86.png (512,512,3)
0_87.png (512,512,3)
0_88.png (512,512,3)
0_89.png (512,512,3)
0_90.png (512,512,3)
0_91.png (512,512,3)
0_92.png (512,512,3)
0_93.png (512,512,3)
0_94.png (512,512,3)
0_95.png (512,512,3)
0_96.png (512,512,3)
0_97.png (512,512,3)
0_98.png (512,512,3)
0_99.png (512,512,3)
0_100.png (512,512,3)
0_101.png (512,512,3)
0_102.png (512,512,3)
0_103.png (512,512,3)
0_104.png (512,512,3)
0_105.png (512,512,3)
0_106.png (512,512,3)
0_107.png (512,512,3)
0_108.png (512,512,3)
0_109.png (512,512,3)
0_110.png (512,512,3)
0_111.png (512,512,3)
0_112.png (512,512,3)
0_113.png (512,512,3)
0_114.png (512,512,3)
0_115.png (512,512,3)
0_116.png (512,512,3)
0_117.png (512,512,3)
0_118.png (512,512,3)
0_119.png (512,512,3)
0_120.png (512,512,3)
0_121.png (512,512,3)
0_122.png (512,512,3)
0_123.png (512,512,3)
0_124.png (512,512,3)
0_125.png (512,512,3)
0_126.png (512,512,3)
0_127.png (512,512,3)
0_128.png (512,512,3)
0_129.png (512,512,3)
0_130.png (512,512,3)
0_131.png (512,512,3)
0_132.png (512,512,3)
0_133.png (512,512,3)
0_134.png (512,512,3)
0_135.png (512,512,3)
0_136.png (512,512,3)
0_137.png (512,512,3)
0_138.png (512,512,3)
0_139.png (512,512,3)
0_140.png (512,512,3)
0_141.png (512,512,3)
0_142.png (512,512,3)
0_143.png (512,512,3)
0_144.png (512,512,3)
0_145.png (512,512,3)
0_146.png (512,512,3)
0_147.png (512,512,3)
0_148.png (512,512,3)
0_149.png (512,512,3)
0_150.png (512,512,3)
0_151.png (512,512,3)
0_152.png (512,512,3)
0_153.png (512,512,3)
0_154.png (512,512,3)
0_155.png (512,512,3)
0_156.png (512,512,3)
0_157.png (512,512,3)
0_158.png (512,512,3)
0_159.png (512,512,3)
0_160.png (512,512,3)
0_161.png (512,512,3)
0_162.png (512,512,3)
0_163.png (512,512,3)
0_164.png (512,512,3)
0_165.png (512,512,3)
0_166.png (512,512,3)
0_167.png (512,512,3)
0_168.png (512,512,3)
0_169.png (512,512,3)
0_170.png (512,512,3)
0_171.png (512,512,3)
0_172.png (512,512,3)
0_173.png (512,512,3)
0_174.png (512,512,3)
0_175.png (512,512,3)
0_176.png (512,512,3)
0_177.png (512,512,3)
0_178.png (512,512,3)
0_179.png (512,512,3)
0_180.png (512,512,3)
0_181.png (512,512,3)
0_182.png (512,512,3)
0_183.png (512,512,3)
0_184.png (512,512,3)
0_185.png (512,512,3)
0_186.png (512,512,3)
0_187.png (512,512,3)
0_188.png (512,512,3)
0_189.png (512,512,3)
0_190.png (512,512,3)
0_191.png (512,512,3)
0_192.png (512,512,3)
0_193.png (512,512,3)
0_194.png (512,512,3)
0_195.png (512,512,3)
0_196.png (512,512,3)
0_197.png (512,512,3)
0_198.png (512,512,3)
0_199.png (512,512,3)
0_200.png (512,512,3)
0_201.png (512,512,3)
0_202.png (512,512,3)
0_203.png (512,512,3)
0_204.png (512,512,3)
0_205.png (512,512,3)
0_206.png (512,512,3)
0_207.png (512,512,3)
0_208.png (512,512,3)
0_209.png (512,512,3)
0_210.png (512,512,3)
0_211.png (512,512,3)
0_212.png (512,512,3)
0_213.png (512,512,3)
0_214.png (512,512,3)
0_215.png (512,512,3)
0_216.png (512,512,3)
0_217.png (512,512,3)
0_218.png (512,512,3)
0_219.png (512,512,3)
0_220.png (512,512,3)
0_221.png (512,512,3)
0_222.png (512,512,3)
0_223.png (512,512,3)
0_224.png (512,512,3)
0_225.png (512,512,3)
0_226.png (512,512,3)
0_227.png (512,512,3)
0_228.png (512,512,3)
0_229.png (512,512,3)
0_230.png (512,512,3)
0_231.png (512,512,3)
0_232.png (512,512,3)
0_233.png (512,512,3)
0_234.png (512,512,3)
0_235.png (512,512,3)
0_236.png (512,512,3)
0_237.png (512,512,3)
0_238.png (512,512,3)
0_239.png (512,512,3)
0_240.png (512,512,3)
0_241.png (512,512,3)
0_242.png (512,512,3)
0_243.png (512,512,3)
0_244.png (512,512,3)
0_245.png (512,512,3)
0_246.png (512,512,3)
0_247.png (512,512,3)
0_248.png (512,512,3)
0_249.png (512,512,3)
0_250.png (512,512,3)
0_251.png (512,512,3)
0_252.png (512,512,3)
0_253.png (512,512,3)
0_254.png (512,512,3)
0_255.png (512,512,3)
0_256.png (512,512,3)
0_257.png (512,512,3)
0_258.png (512,512,3)
0_259.png (512,512,3)
0_260.png (512,512,3)
0_261.png (512,512,3)
0_262.png (512,512,3)
0_263.png (512,512,3)
0_264.png (512,512,3)
0_265.png (512,512,3)
0_266.png (512,512,3)
0_267.png (512,512,3)
0_268.png (512,512,3)
0_269.png (512,512,3)
0_270.png (512,512,3)
0_271.png (512,512,3)
0_272.png (512,512,3)
0_273.png (512,512,3)
0_274.png (512,512,3)
0_275.png (512,512,3)
0_276.png (512,512,3)
0_277.png (512,512,3)
0_278.png (512,512,3)
0_279.png (512,512,3)
0_280.png (512,512,3)
0_281.png (512,512,3)
0_282.png (512,512,3)
0_283.png (512,512,3)
0_284.png (512,512,3)
0_285.png (512,512,3)
0_286.png (512,512,3)
0_287.png (512,512,3)
0_288.png (512,512,3)
0_289.png (512,512,3)
0_290.png (512,512,3)
0_291.png (512,512,3)
0_292.png (512,512,3)
0_293.png (512,512,3)
0_294.png (512,512,3)
0_295.png (512,512,3)
0_296.png (512,512,3)
0_297.png (512,512,3)
0_298.png (512,512,3)
0_299.png (512,512,3)
0_300.png (512,512,3)
0_301.png (512,512,3)
0_302.png (512,512,3)
0_303.png (512,512,3)
0_304.png (512,512,3)
0_305.png (512,512,3)
0_306.png (512,512,3)
0_307.png (512,512,3)
0_308.png (512,512,3)
0_309.png (512,512,3)
0_310.png (512,512,3)
0_311.png (512,512,3)
0_312.png (512,512,3)
0_313.png (512,512,3)
0_314.png (512,512,3)
0_315.png (512,512,3)
0_316.png (512,512,3)
0_317.png (512,512,3)
0_318.png (512,512,3)
0_319.png (512,512,3)
0_320.png (512,512,3)
0_321.png (512,512,3)
0_322.png (512,512,3)
0_323.png (512,512,3)
0_324.png (512,512,3)
0_325.png (512,512,3)
0_326.png (512,512,3)
0_327.png (512,512,3)
0_328.png (512,512,3)
0_329.png (512,512,3)
0_330.png (512,512,3)
0_331.png (512,512,3)
0_332.png (512,512,3)
0_333.png (512,512,3)
0_334.png (512,512,3)
0_335.png (512,512,3)
0_336.png (512,512,3)
0_337.png (512,512,3)
0_338.png (512,512,3)
0_339.png (512,512,3)
0_340.png (512,512,3)
0_341.png (512,512,3)
0_342.png (512,512,3)
0_343.png (512,512,3)
0_344.png (512,512,3)
0_345.png (512,512,3)
0_346.png (512,512,3)
0_347.png (512,512,3)
0_348.png (512,512,3)
0_349.png (512,512,3)
0_350.png (512,512,3)
0_351.png (512,512,3)
0_352.png (512,512,3)
0_353.png (512,512,3)
0_354.png (512,512,3)
0_355.png (512,512,3)
0_356.png (512,512,3)
0_357.png (512,512,3)
0_358.png (512,512,3)
0_359.png (512,512,3)
0_360.png (512,512,3)
0_361.png (512,512,3)
0_362.png (512,512,3)
0_363.png (512,512,3)
0_364.png (512,512,3)
0_365.png (512,512,3)
0_366.png (512,512,3)
0_367.png (512,512,3)
0_368.png (512,512,3)
0_369.png (512,512,3)
0_370.png (512,512,3)
0_371.png (512,512,3)
0_372.png (512,512,3)
0_373.png (512,512,3)
0_374.png (512,512,3)
0_375.png (512,512,3)
0_376.png (512,512,3)
0_377.png (512,512,3)
0_378.png (512,512,3)
0_379.png (512,512,3)
0_380.png (512,512,3)
0_381.png (512,512,3)
0_382.png (512,512,3)
0_383.png (512,512,3)
0_384.png (512,512,3)
0_385.png (512,512,3)
0_386.png (512,512,3)
0_387.png (512,512,3)
0_388.png (512,512,3)
0_389.png (512,512,3)
0_390.png (512,512,3)
0_391.png (512,512,3)
0_392.png (512,512,3)
0_393.png (512,512,3)
0_394.png (512,512,3)
0_395.png (512,512,3)
0_396.png (512,512,3)
0_397.png (512,512,3)
0_398.png (512,512,3)
0_399.png (512,512,3)
0_400.png (512,512,3)
0_401.png (512,512,3)
0_402.png (512,512,3)
0_403.png (512,512,3)
0_404.png (512,512,3)
0_405.png (512,512,3)
0_406.png (512,512,3)
0_407.png (512,512,3)
0_408.png (512,512,3)
0_409.png (512,512,3)
0_410.png (512,512,3)
0_411.png (512,512,3)
0_412.png (512,512,3)
0_413.png (512,512,3)
0_414.png (512,512,3)
0_415.png (512,512,3)
0_416.png (512,512,3)
0_417.png (512,512,3)
0_418.png (512,512,3)
0_419.png (512,512,3)
0_420.png (512,512,3)
0_421.png (512,512,3)
0_422.png (512,512,3)
0_423.png (512,512,3)
0_424.png (512,512,3)
0_425.png (512,512,3)
0_426.png (512,512,3)
0_427.png (512,512,3)
0_428.png (512,512,3)
0_429.png (512,512,3)
0_430.png (512,512,3)
0_431.png (512,512,3)
0_432.png (512,512,3)
0_433.png (512,512,3)
0_434.png (512,512,3)
0_435.png (512,512,3)
0_436.png (512,512,3)
0_437.png (512,512,3)
0_438.png (512,512,3)
0_439.png (512,512,3)
0_440.png (512,512,3)
0_441.png (512,512,3)
0_442.png (512,512,3)
0_443.png (512,512,3)
0_444.png (512,512,3)
0_445.png (512,512,3)
0_446.png (512,512,3)
0_447.png (512,512,3)
0_448.png (512,512,3)
0_449.png (512,512,3)
0_450.png (512,512,3)
0_451.png (512,512,3)
0_452.png (512,512,3)
0_453.png (512,512,3)
0_454.png (512,512,3)
0_455.png (512,512,3)
0_456.png (512,512,3)
0_457.png (512,512,3)
0_458.png (512,512,3)
0_459.png (512,512,3)
0_460.png (512,512,3)
0_461.png (512,512,3)
0_462.png (512,512,3)
0_463.png (512,512,3)
0_464.png (512,512,3)
0_465.png (512,512,3)
0_466.png (512,512,3)
0_467.png (512,512,3)
0_468.png (512,512,3)
0_469.png (512,512,3)
0_470.png (512,512,3)
0_471.png (512,512,3)
0_472.png (512,512,3)
0_473.png (512,512,3)
0_474.png (512,512,3)
0_475.png (512,512,3)
0_476.png (512,512,3)
0_477.png (512,512,3)
0_478.png (512,512,3)
0_479.png (512,512,3)
0_480.png (512,512,3)
0_481.png (512,512,3)
0_482.png (512,512,3)
0_483.png (512,512,3)
0_484.png (512,512,3)
0_485.png (512,512,3)
0_486.png (512,512,3)
0_487.png (512,512,3)
0_488.png (512,512,3)
0_489.png (512,512,3)
0_490.png (512,512,3)
0_491.png (512,512,3)
0_492.png (512,512,3)
0_493.png (512,512,3)
0_494.png (512,512,3)
0_495.png (512,512,3)
0_496.png (512,512,3)
0_497.png (512,512,3)
0_498.png (512,512,3)
0_499.png (512,512,3)
0_500.png (512,512,3)
0_501.png (512,512,3)
0_502.png (512,512,3)
0_503.png (512,512,3)
0_504.png (512,512,3)
0_505.png (512,512,3)
0_506.png (512,512,3)
0_507.png (512,512,3)
0_508.png (512,512,3)
0_509.png (512,512,3)
0_510.png (512,512,3)
0_511.png (512,512,3)
0_512.png (512,512,3)
0_513.png (512,512,3)
0_514.png (512,512,3)
0_515.png (512,512,3)
0_516.png (512,512,3)
0_517.png (512,512,3)
0_518.png (512,512,3)
0_519.png (512,512,3)
0_520.png (512,512,3)
0_521.png (512,512,3)
0_522.png (512,512,3)
0_523.png (512,512,3)
0_524.png (512,512,3)
0_525.png (512,512,3)
0_526.png (512,512,3)
0_527.png (512,512,3)
0_528.png (512,512,3)
0_529.png (512,512,3)
0_530.png (512,512,3)
0_531.png (512,512,3)
0_532.png (512,512,3)
0_533.png (512,512,3)
0_534.png (512,512,3)
0_535.png (512,512,3)
0_536.png (512,512,3)
0_537.png (512,512,3)
0_538.png (512,512,3)
0_539.png (512,512,3)
0_540.png (512,512,3)
0_541.png (512,512,3)
0_542.png (512,512,3)
0_543.png (512,512,3)
0_544.png (512,512,3)
0_545.png (512,512,3)
0_546.png (512,512,3)
0_547.png (512,512,3)
0_548.png (512,512,3)
0_549.png (512,512,3)
0_550.png (512,512,3)
0_551.png (512,512,3)
0_552.png (512,512,3)
0_553.png (512,512,3)
0_554.png (512,512,3)
0_555.png (512,512,3)
0_556.png (512,512,3)
0_557.png (512,512,3)
0_558.png (512,512,3)
0_559.png (512,512,3)
0_560.png (512,512,3)
0_561.png (512,512,3)
0_562.png (512,512,3)
0_563.png (512,512,3)
0_564.png (512,512,3)
0_565.png (512,512,3)
0_566.png (512,512,3)
0_567.png (512,512,3)
0_568.png (512,512,3)
0_569.png (512,512,3)
0_570.png (512,512,3)
0_571.png (512,512,3)
0_572.png (512,512,3)
0_573.png (512,512,3)
0_574.png (512,512,3)
0_575.png (512,512,3)
0_576.png (512,512,3)
0_577.png (512,512,3)
0_578.png (512,512,3)
0_579.png (512,512,3)
0_580.png (512,512,3)
0_581.png (512,512,3)
0_582.png (512,512,3)
0_583.png (512,512,3)
0_584.png (512,512,3)
0_585.png (512,512,3)
0_586.png (512,512,3)
0_587.png (512,512,3)
0_588.png (512,512,3)
0_589.png (512,512,3)
0_590.png (512,512,3)
0_591.png (512,512,3)
0_592.png (512,512,3)
0_593.png (512,512,3)
0_594.png (512,512,3)
0_595.png (512,512,3)
0_596.png (512,512,3)
0_597.png (512,512,3)
0_598.png (512,512,3)
0_599.png (512,512,3)
0_600.png (512,512,3)
0_601.png (512,512,3)
0_602.png (512,512,3)
0_603.png (512,512,3)
0_604.png (512,512,3)
0_605.png (512,512,3)
0_606.png (512,512,3)
0_607.png (512,512,3)
0_608.png (512,512,3)
0_609.png (512,512,3)
0_610.png (512,512,3)
0_611.png (512,512,3)
0_612.png (512,512,3)
0_613.png (512,512,3)
0_614.png (512,512,3)
0_615.png (512,512,3)
0_616.png (512,512,3)
0_617.png (512,512,3)
0_618.png (512,512,3)
0_619.png (512,512,3)
0_620.png (512,512,3)
0_621.png (512,512,3)
0_622.png (512,512,3)
0_623.png (512,512,3)
0_624.png (512,512,3)
0_625.png (512,512,3)
0_626.png (512,512,3)
0_627.png (512,512,3)
0_628.png (512,512,3)
0_629.png (512,512,3)
0_630.png (512,512,3)
0_631.png (512,512,3)
0_632.png (512,512,3)
0_633.png (512,512,3)
0_634.png (512,512,3)
0_635.png (512,512,3)
0_636.png (512,512,3)
0_637.png (512,512,3)
0_638.png (512,512,3)
0_639.png (512,512,3)
0_640.png (512,512,3)
0_641.png (512,512,3)
0_642.png (512,512,3)
0_643.png (512,512,3)
0_644.png (512,512,3)
0_645.png (512,512,3)
0_646.png (512,512,3)
0_647.png (512,512,3)
0_648.png (512,512,3)
0_649.png (512,512,3)
0_650.png (512,512,3)
0_651.png (512,512,3)
0_652.png (512,512,3)
0_653.png (512,512,3)
0_654.png (512,512,3)
0_655.png (512,512,3)
0_656.png (512,512,3)
0_657.png (512,512,3)
0_658.png (512,512,3)
0_659.png (512,512,3)
0_660.png (512,512,3)
0_661.png (512,512,3)
0_662.png (512,512,3)
0_663.png (512,512,3)
0_664.png (512,512,3)
0_665.png (512,512,3)
0_666.png (512,512,3)
0_667.png (512,512,3)
0_668.png (512,512,3)
0_669.png (512,512,3)
0_670.png (512,512,3)
0_671.png (512,512,3)
0_672.png (512,512,3)
0_673.png (512,512,3)
0_674.png (512,512,3)
0_675.png (512,512,3)
0_676.png (512,512,3)
0_677.png (512,512,3)
0_678.png (512,512,3)
0_679.png (512,512,3)
0_680.png (512,512,3)
0_681.png (512,512,3)
0_682.png (512,512,3)
0_683.png (512,512,3)
0_684.png (512,512,3)
0_685.png (512,512,3)
0_686.png (512,512,3)
0_687.png (512,512,3)
0_688.png (512,512,3)
0_689.png (512,512,3)
0_690.png (512,512,3)
0_691.png (512,512,3)
0_692.png (512,512,3)
0_693.png (512,512,3)
0_694.png (512,512,3)
0_695.png (512,512,3)
0_696.png (512,512,3)
0_697.png (512,512,3)
0_698.png (512,512,3)
0_699.png (512,512,3)
0_700.png (512,512,3)
0_701.png (512,512,3)
0_702.png (512,512,3)
0_703.png (512,512,3)
0_704.png (512,512,3)
0_705.png (512,512,3)
0_706.png (512,512,3)
0_707.png (512,512,3)
0_708.png (512,512,3)
0_709.png (512,512,3)
0_710.png (512,512,3)
0_711.png (512,512,3)
0_712.png (512,512,3)
0_713.png (512,512,3)
0_714.png (512,512,3)
0_715.png (512,512,3)
0_716.png (512,512,3)
0_717.png (512,512,3)
0_718.png (512,512,3)
0_719.png (512,512,3)
0_720.png (512,512,3)
0_721.png (512,512,3)
0_722.png (512,512,3)
0_723.png (512,512,3)
0_724.png (512,512,3)
0_725.png (512,512,3)
0_726.png (512,512,3)
0_727.png (512,512,3)
0_728.png (512,512,3)
0_729.png (512,512,3)
0_730.png (512,512,3)
0_731.png (512,512,3)
0_732.png (512,512,3)
0_733.png (512,512,3)
0_734.png (512,512,3)
0_735.png (512,512,3)
0_736.png (512,512,3)
0_737.png (512,512,3)
0_738.png (512,512,3)
0_739.png (512,512,3)
0_740.png (512,512,3)
0_741.png (512,512,3)
0_742.png (512,512,3)
0_743.png (512,512,3)
0_744.png (512,512,3)
0_745.png (512,512,3)
0_746.png (512,512,3)
0_747.png (512,512,3)
0_748.png (512,512,3)
0_749.png (512,512,3)
0_750.png (512,512,3)
0_751.png (512,512,3)
0_752.png (512,512,3)
0_753.png (512,512,3)
0_754.png (512,512,3)
0_755.png (512,512,3)
0_756.png (512,512,3)
0_757.png (512,512,3)
0_758.png (512,512,3)
0_759.png (512,512,3)
0_760.png (512,512,3)
0_761.png (512,512,3)
0_762.png (512,512,3)
0_763.png (512,512,3)
0_764.png (512,512,3)
0_765.png (512,512,3)
0_766.png (512,512,3)
0_767.png (512,512,3)
0_768.png (512,512,3)
0_769.png (512,512,3)
0_770.png (512,512,3)
0_771.png (512,512,3)
0_772.png (512,512,3)
0_773.png (512,512,3)
0_774.png (512,512,3)
0_775.png (512,512,3)
0_776.png (512,512,3)
0_777.png (512,512,3)
0_778.png (512,512,3)
0_779.png (512,512,3)
0_780.png (512,512,3)
0_781.png (512,512,3)
0_782.png (512,512,3)
0_783.png (512,512,3)
0_784.png (512,512,3)
0_785.png (512,512,3)
0_786.png (512,512,3)
0_787.png (512,512,3)
0_788.png (512,512,3)
0_789.png (512,512,3)
0_790.png (512,512,3)
0_791.png (512,512,3)
0_792.png (512,512,3)
0_793.png (512,512,3)
0_794.png (512,512,3)
0_795.png (512,512,3)
0_796.png (512,512,3)
0_797.png (512,512,3)
0_798.png (512,512,3)
0_799.png (512,512,3)
0_800.png (512,512,3)
0_801.png (512,512,3)
0_802.png (512,512,3)
0_803.png (512,512,3)
0_804.png (512,512,3)
0_805.png (512,512,3)
0_806.png (512,512,3)
0_807.png (512,512,3)
0_808.png (512,512,3)
0_809.png (512,512,3)
0_810.png (512,512,3)
0_811.png (512,512,3)
0_812.png (512,512,3)
0_813.png (512,512,3)
0_814.png (512,512,3)
0_815.png (512,512,3)
0_816.png (512,512,3)
0_817.png (512,512,3)
0_818.png (512,512,3)
0_819.png (512,512,3)
0_820.png (512,512,3)
0_821.png (512,512,3)
0_822.png (512,512,3)
0_823.png (512,512,3)
0_824.png (512,512,3)
0_825.png (512,512,3)
0_826.png (512,512,3)
0_827.png (512,512,3)
0_828.png (512,512,3)
0_829.png (512,512,3)
0_830.png (512,512,3)
0_831.png (512,512,3)
0_832.png (512,512,3)
0_833.png (512,512,3)
0_834.png (512,512,3)
0_835.png (512,512,3)
0_836.png (512,512,3)
0_837.png (512,512,3)
0_838.png (512,512,3)
0_839.png (512,512,3)
0_840.png (512,512,3)
0_841.png (512,512,3)
0_842.png (512,512,3)
0_843.png (512,512,3)
0_844.png (512,512,3)
0_845.png (512,512,3)
0_846.png (512,512,3)
0_847.png (512,512,3)
0_848.png (512,512,3)
0_849.png (512,512,3)
0_850.png (512,512,3)
0_851.png (512,512,3)
0_852.png (512,512,3)
0_853.png (512,512,3)
0_854.png (512,512,3)
0_855.png (512,512,3)
0_856.png (512,512,3)
0_857.png (512,512,3)
0_858.png (512,512,3)
0_859.png (512,512,3)
0_860.png (512,512,3)
0_861.png (512,512,3)
0_862.png (512,512,3)
0_863.png (512,512,3)
0_864.png (512,512,3)
0_865.png (512,512,3)
0_866.png (512,512,3)
0_867.png (512,512,3)
0_868.png (512,512,3)
0_869.png (512,512,3)
0_870.png (512,512,3)
0_871.png (512,512,3)
0_872.png (512,512,3)
0_873.png (512,512,3)
0_874.png (512,512,3)
0_875.png (512,512,3)
0_876.png (512,512,3)
0_877.png (512,512,3)
0_878.png (512,512,3)
0_879.png (512,512,3)
0_880.png (512,512,3)
0_881.png (512,512,3)
0_882.png (512,512,3)
0_883.png (512,512,3)
0_884.png (512,512,3)
0_885.png (512,512,3)
0_886.png (512,512,3)
0_887.png (512,512,3)
0_888.png (512,512,3)
0_889.png (512,512,3)
0_890.png (512,512,3)
0_891.png (512,512,3)
0_892.png (512,512,3)
0_893.png (512,512,3)
0_894.png (512,512,3)
0_895.png (512,512,3)
0_896.png (512,512,3)
0_897.png (512,512,3)
0_898.png (512,512,3)
0_899.png (512,512,3)
0_900.png (512,512,3)
0_901.png (512,512,3)
0_902.png (512,512,3)
0_903.png (512,512,3)
0_904.png (512,512,3)
0_905.png (512,512,3)
0_906.png (512,512,3)
0_907.png (512,512,3)
0_908.png (512,512,3)
0_909.png (512,512,3)
0_910.png (512,512,3)
0_911.png (512,512,3)
0_912.png (512,512,3)
0_913.png (512,512,3)
0_914.png (512,512,3)
0_915.png (512,512,3)
0_916.png (512,512,3)
0_917.png (512,512,3)
0_918.png (512,512,3)
0_919.png (512,512,3)
0_920.png (512,512,3)
0_921.png (512,512,3)
0_922.png (512,512,3)
0_923.png (512,512,3)
0_924.png (512,512,3)
0_925.png (512,512,3)
0_926.png (512,512,3)
0_927.png (512,512,3)
0_928.png (512,512,3)
0_929.png (512,512,3)
0_930.png (512,512,3)
0_931.png (512,512,3)
0_932.png (512,512,3)
0_933.png (512,512,3)
0_934.png (512,512,3)
0_935.png (512,512,3)
0_936.png (512,512,3)
0_937.png (512,512,3)
0_938.png (512,512,3)
0_939.png (512,512,3)
0_940.png (512,512,3)
0_941.png (512,512,3)
0_942.png (512,512,3)
0_943.png (512,512,3)
0_944.png (512,512,3)
0_945.png (512,512,3)
0_946.png (512,512,3)
0_947.png (512,512,3)
0_948.png (512,512,3)
0_949.png (512,512,3)
0_950.png (512,512,3)
0_951.png (512,512,3)
0_952.png (512,512,3)
0_953.png (512,512,3)
0_954.png (512,512,3)
0_955.png (512,512,3)
0_956.png (512,512,3)
0_957.png (512,512,3)
0_958.png (512,512,3)
0_959.png (512,512,3)
0_960.png (512,512,3)
0_961.png (512,512,3)
0_962.png (512,512,3)
0_963.png (512,512,3)
0_964.png (512,512,3)
0_965.png (512,512,3)
0_966.png (512,512,3)
0_967.png (512,512,3)
0_968.png (512,512,3)
0_969.png (512,512,3)
0_970.png (512,512,3)
0_971.png (512,512,3)
0_972.png (512,512,3)
0_973.png (512,512,3)
0_974.png (512,512,3)
0_975.png (512,512,3)
0_976.png (512,512,3)
0_977.png (512,512,3)
0_978.png (512,512,3)
0_979.png (512,512,3)
0_980.png (512,512,3)
0_981.png (512,512,3)
0_982.png (512,512,3)
0_983.png (512,512,3)
0_984.png (512,512,3)
0_985.png (512,512,3)
0_986.png (512,512,3)
0_987.png (512,512,3)
0_988.png (512,512,3)
0_989.png (512,512,3)
0_990.png (512,512,3)
0_991.png (512,512,3)
0_992.png (512,512,3)
0_993.png (512,512,3)
0_994.png (512,512,3)
0_995.png (512,512,3)
0_996.png (512,512,3)
0_997.png (512,512,3)
0_998.png (512,512,3)
0_999.png (512,512,3)
